Dimensions

nb_nodes 161

Nodes
0  ZIB99  7.440491 50.436516 
1  ADH 9.421921 48.559341 
2  ADH10  8.23883 48.900838 
3  ADH11  8.090515 48.705463 
4  ADH21  8.068542 48.502048 
5  ADH22  8.079529 48.327039 
6  ADH23  8.167419 48.228332 
7  ADH24  8.370666 48.118434 
8  ADH3  8.579407 48.034019 
9  ADH5  8.876037 47.956824 
10  ADH6  9.2276 47.886881 
11  ADH63  9.650574 47.905296 
12  ADH7  9.930725 48.011975 
13  ADH8  10.122986 48.253941 
14  ADH9  10.1651 48.4711 
15  CVK  12.827797 52.536273 
16  CVK1  12.051086 52.925463 
17  CVK10  12.221832 53.009826 
18  CVK11  12.490997 53.059374 
19  CVK12  12.779388 53.112163 
20  CVK2  13.067779 53.128646 
21  CVK20  13.378143 53.108865 
22  CVK21  13.584137 53.044516
23  CVK22  13.787384 52.956912 
24  CVK23  13.924713 52.852547 
25  CVK24  14.007111 52.731302 
26  CVK3  14.042816 52.681378 
27  CVK4  14.04007 52.611387 
28  CVK42 13.985138 52.522906 
29  CVK5  13.932953 52.445966 
30  CVK6  13.845062 52.40577 
31  CVK7  13.779144 52.311837 
32  CVK8  13.633575 52.251346 
33  CVK9  13.391876 52.172247 
34  HTW  11.664619 48.748493 
35  HTW1  12.048798 48.967597 
36  HTW10  12.221832 48.888198 
37  HTW11  12.411346 48.796009 
38  HTW13  12.419586 48.672826 
39  HTW21  12.323456 48.552978 
40  HTW22  12.375641 48.367198 
41  HTW23  12.002106 48.429201 
42  HTW24  11.980133 48.253941 
43  HTW5  11.807098 48.383618 
44  HTW63  11.584625 48.140432 
45  HTW64  11.488495 48.361724 
46  HTW7 11.3237 48.432845 
47  HTW9  11.186371 48.554796 
48  HU  13.906231 51.285541 
49  HU1  13.754425 51.566827 
50  HU10 13.845062 51.594135 
51  HU17 13.91922 51.592429 
52  HU19  14.062042 51.602666 
53  HU2  14.191132 51.573656 
54  HU20  14.300995 51.553167 
55  HU21  14.419098 51.548043 
56  HU22  14.435577 51.465986 
57  HU23  14.46579 51.380353 
58  HU24  14.490738 51.342623 
59  HU3  14.443817 51.275662 
60  HU4  14.405365 51.218927 
61  HU43  14.300995 51.182786 
62  HU5  14.152679 51.103522 
63  HU6 14.037323 51.05866 
64  HU7  13.91098 51.036213 
65  HU8  13.803863 51.031031 
66  HU9  14.118576 51.214626 
67  SPK  9.334716 50.555325 
68  SPK1  10.131683 50.651202 
69  SPK10  10.098724 50.765997 
70  SPK11  10.043793 50.870111 
71  SPK2  9.931183 50.949776 
72  SPK20  9.843292 51.024121 
73  SPK21 9.670258 51.108696 
74  SPK22  9.477997 51.18623 
75  SPK23  9.313202 51.244725 
76  SPK24  9.137421 51.251601 
77  ZIB98  7.261505 50.343708 
78  SPK3  9.011078 51.239566
79  SPK4  8.857269 51.217207 
80  SPK44  8.7117 51.129384 
81  SPK5  8.634796 51.084547 
82  SPK6  8.515549 51.011163 
83  SPK64  8.442764 50.944584 
84  SPK7  8.402939 50.85971 
85  SPK8  8.372726 50.750359 
86  SPK9  9.774628 51.093173
87  TU  10.678711 53.291489 
88  TU1  9.999847 53.075878 
89  TU10  9.966888 53.206033 
90  TU11  9.980621 53.271783 
91  TU12  9.999847 53.357109 
92  TU18  10.082245 53.442264 
93  TU19  10.148163 53.491314 
94  TU2  10.260773 53.554994 
95  TU21  10.376129 53.589244 
96  TU22  10.529938 53.605544 
97  TU23  10.697479 53.594135 
98  TU24  10.878754 53.581092 
99  TU3  11.007843 53.540307 
100  TU4  11.164398 53.488046 
101  TU5  11.290741 53.399707 
102  TU6  11.381378 53.265213 
103  TU63  11.389618 53.22248 
104  TU7  11.400604 53.135238 
105  TU8  11.389618 53.026348 
106  UP  8.411379 52.348973 
107  UP1  7.793884 52.133488 
108  UP10  7.486267 52.291683 
109  UP20  7.326965 52.526248 
110  UP21  7.398376 52.722986 
111  UP22  7.50824 52.908902 
112  UP23  7.733459 53.021392 
113  UP24  8.178406 53.018088 
114  UP3  8.458557 52.961875 
115  UP5  8.826599 52.829321
116  UP7  9.073791 52.66972 
117  WIAS  11.360021 50.569174 
118  WIAS1  11.963654 50.835432 
119  WIAS10 11.86203 50.937662 
120  WIAS11  11.694488 51.029304 
121  WIAS13  11.554413 51.100073 
122  WIAS2  11.370392 51.141448 
123  WIAS4  11.169891 51.163844 
124  WIAS5  10.936432 51.139725 
125  WIAS6  10.812836 51.034486 
126  WIAS7  10.749664 50.942854 
127  WIAS8 10.659027 50.830228 
128  WIAS9  10.653534 50.726024 
129  ZIB  7.228804 50.77783 
130  ZIB100  7.556762 51.570241 
131  ZIB101  7.282104 51.658927 
132  ZIB102  7.095337 51.69299 
133  ZIB104  6.820678 51.652111 
134  ZIB124  6.655884 51.645294 
135  ZIB143  6.513061 51.597548 
136  ZIB144  6.33728 51.57707 
137  ZIB21  6.150512 51.467697 
138  ZIB22  6.062622 51.412912 
139  ZIB23  5.974731 51.330612 
140  ZIB24  5.963745 51.241286 
141  ZIB61  5.930786 51.165567 
142  ZIB62  5.90744 51.125937 
143  ZIB63  5.877228 51.036213 
144  ZIB64  5.843811 50.961887 
145  ZIB65  5.827789 50.927276 
146  ZIB66 5.794372 50.861444 
147  ZIB67  5.80307 50.743408 
148  ZIB68  5.806274 50.659908 
149  ZIB69  5.885467 50.583237 
150  ZIB70  5.940399 50.523905 
151  ZIB77  6.01181 50.459253 
152  ZIB79  6.061249 50.408518 
153  ZIB81  6.118927 50.357728 
154  ZIB82  6.198578 50.322669 
155  ZIB83  6.319427 50.287584 
156  ZIB85  6.481476 50.270032 
157  ZIB87 6.613312 50.273543 
158  ZIB95  6.76712 50.277054 
159  ZIB96  6.890716 50.291094 
160  ZIB97  7.082977 50.319162 


