Dimensions

nb_nodes 70

Nodes
0  ZIB99  7.440491 50.436516 
1  ADH 9.421921 48.559341 
2  ADH10  8.23883 48.900838 
3  ADH11  8.090515 48.705463 
4  ADH21  8.068542 48.502048 
5  ADH22  8.079529 48.327039 
6  ADH23  8.167419 48.228332 
7  ADH24  8.370666 48.118434 
8  ADH3  8.579407 48.034019 
9  ADH5  8.876037 47.956824 
10  ADH6  9.2276 47.886881 
11  ADH63  9.650574 47.905296 
12  ADH7  9.930725 48.011975 
13  ADH8  10.122986 48.253941 
14  ADH9  10.1651 48.4711 
15  CVK  12.827797 52.536273 
16  CVK1  12.051086 52.925463 
17  CVK10  12.221832 53.009826 
18  CVK11  12.490997 53.059374 
19  CVK12  12.779388 53.112163 
20  CVK2  13.067779 53.128646 
21  CVK20  13.378143 53.108865 
22  CVK21  13.584137 53.044516
23  CVK22  13.787384 52.956912 
24  CVK23  13.924713 52.852547 
25  CVK24  14.007111 52.731302 
26  CVK3  14.042816 52.681378 
27  CVK4  14.04007 52.611387 
28  CVK42 13.985138 52.522906 
29  CVK5  13.932953 52.445966 
30  CVK6  13.845062 52.40577 
31  CVK7  13.779144 52.311837 
32  CVK8  13.633575 52.251346 
33  CVK9  13.391876 52.172247 
34  HTW  11.664619 48.748493 
35  HTW1  12.048798 48.967597 
36  HTW10  12.221832 48.888198 
37  HTW11  12.411346 48.796009 
38  HTW13  12.419586 48.672826 
39  HTW21  12.323456 48.552978 
40  HTW22  12.375641 48.367198 
41  HTW23  12.002106 48.429201 
42  HTW24  11.980133 48.253941 
43  HTW5  11.807098 48.383618 
44  HTW63  11.584625 48.140432 
45  HTW64  11.488495 48.361724 
46  HTW7 11.3237 48.432845 
47  HTW9  11.186371 48.554796 
48  HU  13.906231 51.285541 
49  HU1  13.754425 51.566827 
50  HU10 13.845062 51.594135 
51  HU17 13.91922 51.592429 
52  HU19  14.062042 51.602666 
53  HU2  14.191132 51.573656 
54  HU20  14.300995 51.553167 
55  HU21  14.419098 51.548043 
56  HU22  14.435577 51.465986 
57  HU23  14.46579 51.380353 
58  HU24  14.490738 51.342623 
59  HU3  14.443817 51.275662 
60  HU4  14.405365 51.218927 
61  HU43  14.300995 51.182786 
62  HU5  14.152679 51.103522 
63  HU6 14.037323 51.05866 
64  HU7  13.91098 51.036213 
65  HU8  13.803863 51.031031 
66  HU9  14.118576 51.214626 
67  SPK  9.334716 50.555325 
68  SPK1  10.131683 50.651202 
69  SPK10  10.098724 50.765997
