Dimensions

nb_nodes 35

Nodes

0 nnn 0.00 28.00
1 nnn 28.00 23.00
2 nnn 40.00 38.00
3 nnn 34.00 24.00
4 nnn 4.00 17.00
5 nnn 48.00 21.00
6 nnn 19.00 26.00
7 nnn 30.00 7.00
8 nnn 17.00 2.00
9 nnn 26.00 15.00
10 nnn 47.00 45.00
11 nnn 23.00 11.00
12 nnn 39.00 42.00
13 nnn 13.00 0.00
14 nnn 33.00 13.00
15 nnn 41.00 35.00
16 nnn 37.00 47.00
17 nnn 36.00 30.00
18 nnn 7.00 11.00
19 nnn 25.00 3.00
20 nnn 6.00 44.00
21 nnn 20.00 33.00
22 nnn 9.00 9.00
23 nnn 27.00 6.00
24 nnn 1.00 21.00
25 nnn 46.00 18.00
26 nnn 21.00 49.00
27 nnn 44.00 29.00
28 nnn 14.00 16.00
29 nnn 12.00 40.00
30 nnn 3.00 34.00
31 nnn 32.00 4.00
32 nnn 11.00 32.00
33 nnn 43.00 43.00
34 nnn 16.00 39.00
