Dimensions

nb_nodes 27

Nodes

0 N1 48.00 557.00
1 N2 33.00 401.00
2 N3 50.00 212.00
3 N4 141.00 87.00
4 N5 345.00 42.00
5 N6 540.00 46.00
6 N7 646.00 134.00
7 N8 679.00 298.00
8 N9 670.00 416.00
9 N10 650.00 572.00
10 N11 588.00 650.00
11 N12 599.00 466.00
12 N13 558.00 327.00
13 N14 463.00 156.00
14 N15 521.00 507.00
15 N16 478.00 467.00
16 N17 479.00 257.00
17 N18 280.00 179.00
18 N19 205.00 323.00
19 N20 138.00 449.00
20 N21 122.00 657.00
21 N22 248.00 701.00
22 N23 339.00 712.00
23 N24 411.00 599.00
24 N25 434.00 710.00
25 N26 511.00 691.00
26 N27 291.00 544.00
