Dimensions

nb_nodes 40

Nodes

0 N0 149 563
1 N1 286 393
2 N2 550 228
3 N3 136 446
4 N4 273 488
5 N5 104 212
6 N6 236 182
7 N7 515 494
8 N8 595 421
9 N9 334 162
10 N10 198 470
11 N11 521 547
12 N12 182 543
13 N13 90 473
14 N14 586 494
15 N15 637 563
16 N16 42 565
17 N17 507 313
18 N18 695 335
19 N19 241 606
20 N20 410 574
21 N21 464 240
22 N22 402 185
23 N23 543 173
24 N24 223 331
25 N25 610 242
26 N26 562 340
27 N27 682 608
28 N28 143 497
29 N29 277 288
30 N30 572 388
31 N31 323 502
32 N32 459 483
33 N33 315 627
34 N34 410 435
35 N35 345 344
36 N36 35 360
37 N37 252 514
38 N38 409 640
39 N39 438 326
