Dimensions

nb_nodes 65

Nodes
0  N1  243.00 574.00 
1  N2  264.00 363.00 
2  N3  106.00 465.00 
3  N4  76.00 202.00 
4  N5  78.00 353.00 
5  N6 208.00 207.00 
6  N7  77.00 602.00 
7  N8  221.00 73.00 
8  N9 139.00 349.00 
9  N10  245.00 308.00 
10  N11  142.00 121.00 
11  N12  67.00 87.00 
12  N13  217.00 716.00 
13  N14  222.00 606.00 
14  N15  21.00 214.00 
15  N16  112.00 638.00 
16  N17  190.00 172.00 
17  N18  21.00 673.00 
18  N19  238.00 155.00 
19  N20  61.00 387.00 
20  N21  96.00 388.00 
21  N22  164.00 579.00 
22  N23  213.00 651.00 
23  N24  15.00 309.00 
24  N25  108.00 317.00 
25  N26  50.00 269.00 
26  N27  124.00 224.00 
27  N28  204.00 441.00 
28  N29  207.00 368.00 
29  N30  188.00 348.00 
30  N31  225.00 531.00 
31  N32  234.00 480.00 
32  N33  160.00 282.00 
33  N34  60.00 550.00 
34  N35  129.00 85.00 
35  N36  161.00 528.00 
36  N37  296.00 427.00 
37  N38  105.00 355.00 
38  N39  268.00 485.00 
39  N40  107.00 533.00 
40  N41  183.00 620.00 
41  N42  286.00 295.00 
42  N43  256.00 612.00 
43  N44  23.00 607.00 
44  N45  287.00 131.00 
45  N46  293.00 450.00 
46  N47  241.00 238.00 
47  N48  53.00 296.00 
48  N49  82.00 238.00 
49  N50  156.00 492.00 
50  N51  36.00 365.00 
51  N52  63.00 459.00 
52  N53  190.00 555.00 
53  N54  293.00 397.00 
54  N55  34.00 518.00 
55  N56  21.00 544.00 
56  N57  18.00 163.00 
57  N58 64.00 425.00 
58  N59  88.00 155.00 
59  N60  24.00 97.00 
60  N61  85.00 294.00 
61  N62  130.00 704.00 
62  N63  175.00 232.00 
63  N64  53.00 649.00 
64  N65  295.00 601.00 
